% -------------------------------------------------------------------
%  Generated by MATLAB on 1-Jun-2020 20:26:49
%  MATLAB version: 9.8.0.1380330 (R2020a) Update 2
% -------------------------------------------------------------------
                                  

D19 = ...
  [-82.418261308120208 66.099723641769856 20.419944228272286 -5.7754159581846958 ...
   2.5291741000600538 -1.3523241376737134 0.8111079620338465 -0.52360741253459631 ...
   0.35519811335188628 -0.24928004578324719 0.17894822532604546 -0.13019569126412 ...
   0.095201124637234458 -0.069349566856838712 0.04979756799145986 -0.034736679560649346 ...
   0.022997944400168491 -0.013837469866787825 0.0068354651529602822 -0.0019201031509429802 ...
   ;
   23.919874398103541 -47.235552185898314 12.820462759266 13.741385570667736 ...
   -4.7475073143212914 2.3335953826181313 -1.3440732841288008 0.84810186936496612 ...
   -0.56725426242055932 0.39439821578571932 -0.28129303576909848 0.20370751482762098 ...
   -0.14844510185293977 0.10785899589875096 -0.077300762934338824 0.053843675614882694 ...
   -0.035609789171528961 0.021409393383313668 -0.010570524375597704 0.0029684853418113105 ...
   ;
   -12.536507362944361 21.736575878478707 -22.357536253712247 5.4256588394948961 ...
   10.350604399628446 -3.9087308003955052 2.0376570945527765 -1.222516907031179 ...
   0.79393371847124516 -0.54171347644664158 0.3814682111138511 -0.27377770221243891 ...
   0.19820557701823718 -0.14331816773989492 0.10234184593725032 -0.071092778373299123 ...
   0.046923503588296341 -0.028171246518263322 0.013896035399084848 -0.0039004083089658778 ...
   ;
   8.22493308325297 -13.730854932920616 11.142176930874955 -14.930580733534169 ...
   3.0946282170006603 8.4059579408752949 -3.3333934906403568 1.7980705464560804 ...
   -1.1050858384594255 0.72963212087269191 -0.50295292545977943 0.35572230917102804 ...
   -0.25485990229480338 0.18288631398393557 -0.12986318727998974 0.089834290274941428 ...
   -0.059111899799509392 0.035411641526019694 -0.017442614382551094 0.0048921304826238451 ...
   ;
   -6.1098875621278221 10.036201544178569 -7.486859549479135 7.7075521567532546 ...
   -11.490976431962403 2.082431939051903 7.190412761847722 -2.9365599707419485 ...
   1.6171384937585702 -1.0079090835661624 0.67103711607935446 -0.46392295600241917 ...
   0.32720173141155323 -0.23218054571884841 0.16352501947376216 -0.11244486487910064 ...
   0.073668443820019885 -0.043996737113068188 0.021627993537552327 -0.00605949832135452 ...
   ;
   4.929092234876042 -8.0289001225173831 5.7515631774290688 -5.3592081938136715 ...
   6.07778203124975 -9.5905306616566577 1.5640999348113713 6.3949315502523945 ...
   -2.659594364030784 1.4824765065919852 -0.93037935731215449 0.62057808499687606 ...
   -0.427503459559384 0.2984615508943354 -0.207789590510682 0.1416961274506508 ...
   -0.092278214805052411 0.054880997961556086 -0.026905377131540328 0.0075271448232834522 ...
   ;
   -4.2290108830654614 6.8548196204567358 -4.799807505091275 4.25243080962046 ...
   -4.3358886352572563 5.1801286446310595 -8.4576314119236127 1.2752271390225438 ...
   5.86854210142845 -2.466917607645903 1.3831217613982369 -0.86896393706728181 ...
   0.57721977128636848 -0.393468432994074 0.26946915367624036 -0.18164366928327658 ...
   0.11733160199210625 -0.069389006314382232 0.033894742864489985 -0.0094642577341701173 ...
   ;
   3.8144478884096586 -6.1636509840140077 4.2553051733408784 -3.6605283303936882 ...
   3.5321940042231006 -3.7811684829709793 4.6623556787120908 -7.7787061906925059 ...
   1.1113739255888437 5.5312527015167419 -2.3368948880741929 1.3109110885697737 ...
   -0.81990610793069918 0.53883315231185414 -0.36030758978370209 0.23895886217389176 ...
   -0.1526329913135715 0.089581514636444634 -0.043546670233343243 0.012128245923415937 ...
   ;
   -3.5934860158717217 5.7944939705792384 -3.9632228763108248 3.3457214168290164 ...
   -3.1240148623636275 3.156899704586182 -3.4812757775541479 4.3801844519023021 ...
   -7.4094182577567924 1.0263936039930308 5.3393546255551385 -2.2562083529605625 ...
   1.2597606815617552 -0.7795243314808642 0.50262608573183742 -0.32558787551423846 ...
   0.20472591397669371 -0.11890918910553538 0.057426314291906838 -0.01593923008879054 ...
   ;
   3.5239410400390363 -5.6740492757758867 3.8557622082713419 -3.2137803946314096 ...
   2.937475092885995 -2.8669734780752774 2.9802203947072559 -3.3499311146612145 ...
   4.2700946082317524 -7.2832710762057351 1 5.2702115967090792 -2.2166303576847781 ...
   1.2246940912389956 -0.74378589993144151 0.46484502693978735 -0.28571190717545525 ...
   0.16353660659504443 -0.078271230036825082 0.021624068559737274;
   -3.5934860158717217 5.779915047819 -3.9094660763467668 3.2293495377859562 ...
   -2.9088216457113862 2.7751223312290141 -2.7831966148860374 2.9467029072030013 ...
   -3.3537500487480219 4.3089955609466264 -7.3788246252188756 1.026393603993033 ...
   5.3154288905705256 -2.2130058761801648 1.2007052483999479 -0.70736524887140662 ...
   0.419919130628935 -0.2352810681485954 0.11118311425596472 -0.0305181528490291 ...
   ;
   3.8144478884096586 -6.1305283982200418 4.132446660811385 -3.391281470513432 ...
   3.0230023787037728 -2.8391141127909774 2.7811093964080342 -2.8392705842256158 ...
   3.0426539591083848 -3.4899232779235447 4.5017709998308213 -7.7102648908705138 ...
   1.1113739255888417 5.4782687587787438 -2.2415538720877586 1.1810132323538938 ...
   -0.66182461683289906 0.35882837451670058 -0.16640518276283736 0.045250831717382416 ...
   ;
   -4.2290108830654614 6.7928262508638406 -4.5671858155943577 3.7299253288703671 ...
   -3.299659355000705 3.0643897898768935 -2.9533692842996393 2.94392271103916 ...
   -3.0415409857675324 3.2847961971198352 -3.7832816023350846 4.8827498676984566 ...
   -8.3328633159096128 1.2752271390225418 5.773731281300214 -2.2973825240374426 ...
   1.153560882248658 -0.59189448706447512 0.26651643236140754 -0.071457627327064954 ...
   ;
   4.929092234876042 -7.9138243502947159 5.31064912782829 -4.321391929688831 ...
   3.8014166989356455 -3.5016594642763987 3.3359894601334372 -3.2711245978633303 ...
   3.2997747538187561 -3.4363334384464492 3.7278678390271835 -4.2982318600415583 ...
   5.5318656582901546 -9.3675945972213874 1.5640999348113838 6.23056732483091 ...
   -2.3686435471191567 1.0926972620863966 -0.46781942673231974 0.12260291704595101 ...
   ;
   -6.1098875621278221 9.8063603765236635 -6.5711260928898234 5.3325774398635861 ...
   -4.6713545917987611 4.2773087429828953 -4.0411050209237862 3.9169638915370086 ...
   -3.88754384302421 3.95421037450698 -4.1386817177950173 4.4981965020707237 ...
   -5.1774806053712261 6.6213433165601083 -11.067992763297745 2.0824319390518915 ...
   6.8932902839836627 -2.4189714540027363 0.93736145012686367 -0.23590066597625844 ...
   ;
   8.22493308325297 -13.197740296560379 8.834165188783663 -7.1547279862538673 ...
   6.24836833380083 -5.6964393791468728 5.3497360102390177 -5.1432225128852211 ...
   5.0476773353055382 -5.054234379419694 5.1709839678644274 -5.4281441911213584 ...
   5.89790327147016 -6.7584067453573651 8.5532663135993836 -14.012563029747227 ...
   3.09462821700066 7.8112643888063209 -2.3254543564738426 0.53800676684286064 ...
   ;
   -12.536507362944361 20.112542812829048 -13.452413571313457 10.879488925508033 ...
   -9.4806365892296842 8.6167241247095063 -8.0585128465136862 7.7039014151370946 ...
   -7.5034554106647136 7.4352865640279058 -7.496517651785247 7.7032223382621083 ...
   -8.09918355211772 8.7831001544283769 -9.9938280951292118 12.454362146731713 ...
   -19.784317485269835 5.425658839494873 8.9190187177978757 -1.6279334739586264 ...
   ;
   23.919874398103541 -38.370608427407063 25.651496042907542 -20.725912523383805 ...
   18.035298664501969 -16.359057124542346 15.257813605462214 -14.533583515369083 ...
   14.086989020719223 -13.867991155889419 13.856931292099613 -14.058681856847517 ...
   14.50579818128684 -15.273826388835294 16.524586126656676 -18.638808831545592 ...
