% -------------------------------------------------------------------
%  Generated by MATLAB on 1-Jun-2020 20:20:58
%  MATLAB version: 9.8.0.1380330 (R2020a) Update 2
% -------------------------------------------------------------------
                                 

D9 = ...
  [-19.81632059552669 15.95768006993231 4.8023663721102139 -1.3113669498302161 ...
   0.54208468774914387 -0.26481646555193877 0.13781654927239215 -0.070497842729959181 ...
   0.031408898421581524 -0.008354723846836571;
   6.0642552992956018 -11.927448377430583 3.3216854272618264 3.2930528591783519 ...
   -1.0748675353693644 0.48329902488761295 -0.24192711039034046 0.1212302026946121 ...
   -0.053410789294861517 0.01413099916714252;
   -3.5075569246831289 6.05809314214151 -6.1251701566682852 1.6031409107450918 ...
   2.5949014785882927 -0.89840992029949074 0.40830025999765807 -0.19534668084050602 ...
   0.084033439301303109 -0.021985548282443236;
   2.6749692593835865 -4.4492500636998935 3.5520769458587145 -4.6102962852542007 ...
   1.117493592060766 2.2652570753939476 -0.78686129671328542 0.3406704365793104 ...
   -0.13992027051573619 0.03586060690679016;
   -2.4609374999999982 4.02865918923233 -2.9603237326196776 2.9585463043918656 ...
   -4.1986856854862546 1 2.1425260664065484 -0.7089864712934133 0.26437515271682949 ...
   -0.065173323348229159;
   2.6749692593835865 -4.3440573210619906 3.0703399077958209 -2.7858781676502682 ...
   3.0218484808348172 -4.4392003465120382 1.1174935920607658 2.1650885541832428 ...
   -0.62165730857862989 0.141053349544693;
   -3.5075569246831289 5.6711140998061991 -3.9265500046459687 3.4016285023306922 ...
   -3.3389301155534583 3.7489958654387974 -5.5255313341440928 1.6031409107450945 ...
   2.2826535913236197 -0.40896459061775359;
   6.0642552992956018 -9.7809739872035681 6.6967816438185173 -5.664607528998034 ...
   5.3087265988786667 -5.41170968082309 6.1416670238576909 -8.8364301854817739 ...
   3.3216854272618295 2.1606053893941572;
   -19.81632059552669 31.92371486371146 -21.740120057648411 18.1847322966722 ...
   -16.694725535079435 16.369508759059354 -17.098993673556187 19.425601403772454 ...
   -26.511077531337044 15.957680069932312];

tau9 = [-0.96816023950762609; -0.83603110732663577; -0.61337143270059036; ...
        -0.32425342340380892; 0; 0.32425342340380892; 0.61337143270059036; ...
        0.83603110732663577; 0.96816023950762609];

w9 = [0.081274388361574565; 0.18064816069485787; 0.26061069640293538; 0.31234707704000264; ...
      0.33023935500125978; 0.31234707704000264; 0.26061069640293538; 0.18064816069485787; ...
      0.081274388361574565];

